((("actor_obj" .
   [1 0 0 0 0 0 0 0 0])
  ("act" .
   [1 0 0])
  ("html" .
   [1 0 0 0])
  ("str" .
   [4 0 0])
  ("self" .
   [1 0 1 0])
  ("if" .
   [2 0])
  ("object" .
   [1 0 0 0 0 0])
  ("class" .
   [1 0 1 0 1])
  ("def" .
   [6 0 0])
  ("cad" .
   [3 0 1])
  ("id__in" .
   [0 0 1 0 0 0])
  ("exec" .
   [0 0 1 0])
  ("external_id" .
   [0 0 0 0 0 1 0 0 0 0 0])
  ("from" .
   [6 0 1 0])
  ("lib" .
   [1 0 0])
  ("model" .
   [0 0 1 0 0])
  ("import" .
   [5 0 0 1 1 0])
  ("jamon" .
   [0 0 1 0 0])
  ("nuevo" .
   [0 0 1 0 0])
  ("to_user" .
   [0 0 1 0 0 0 0])
  ("toolbar" .
   [0 0 0 1 0 0 0])
  ("default" .
   [0 0 0 1 0 0 0])
  ("for" .
   [1 0 0])
  ("system" .
   [0 0 0 2 0 0])
  ("else" .
   [1 0 0 0])
  ("context" .
   [2 0 0 0 0 1 0])))
